Step,ZT10.XCET040 (Set),ZT10.XCET040 (Read),Normalization,ZT10.XCET040,Trigger Counter,Cherenkov x Trigger,Cherenkov Efficiency,Timestamp,Comment
0,13.50,13.48,,5.53E04,3.79E04,3.71E04,0.9782,00:15:39,,
1,13.40,13.40,,5.31E04,3.67E04,3.57E04,0.9732,00:16:07,,
2,13.30,13.30,,5.24E04,3.69E04,3.56E04,0.9657,00:16:50,,
3,13.20,13.20,,5.20E04,3.70E04,3.51E04,0.9488,00:17:33,,
4,13.10,13.10,,5.04E04,3.72E04,3.42E04,0.9188,00:18:16,,
5,13.00,13.00,,5.01E04,3.78E04,3.38E04,0.8941,00:19:00,,
6,12.90,12.91,,4.71E04,3.74E04,3.15E04,0.8430,00:19:43,,
7,12.79,12.81,,4.53E04,3.79E04,3.00E04,0.7915,00:20:26,,
8,12.69,12.71,,4.27E04,3.83E04,2.79E04,0.7299,00:21:09,,
9,12.59,12.58,,3.85E04,3.77E04,2.44E04,0.6479,00:21:52,,
10,12.49,12.50,,3.51E04,3.77E04,2.17E04,0.5762,00:22:36,,
11,12.39,12.40,,3.25E04,3.79E04,1.95E04,0.5150,00:23:19,,
12,12.29,12.30,,2.87E04,3.58E04,1.68E04,0.4689,00:24:02,,
13,12.19,12.20,,3.01E04,3.96E04,1.72E04,0.4349,00:24:45,,
14,12.09,12.10,,2.83E04,3.92E04,1.58E04,0.4026,00:25:28,,
15,11.99,12.00,,2.67E04,3.86E04,1.48E04,0.3844,00:26:12,,
16,11.89,11.90,,2.57E04,3.79E04,1.42E04,0.3740,00:26:55,,
17,11.79,11.79,,2.62E04,3.88E04,1.43E04,0.3683,00:27:38,,
18,11.69,11.70,,2.62E04,3.88E04,1.42E04,0.3666,00:28:21,,
19,11.59,11.57,,2.57E04,3.84E04,1.39E04,0.3613,00:29:04,,
20,11.48,11.49,,2.56E04,3.82E04,1.38E04,0.3611,00:29:48,,
21,11.38,11.40,,2.52E04,3.78E04,1.38E04,0.3643,00:30:31,,
22,11.28,11.30,,2.58E04,3.87E04,1.40E04,0.3630,00:31:14,,
23,11.18,11.16,,2.55E04,3.88E04,1.38E04,0.3563,00:31:57,,
24,11.08,11.09,,2.56E04,3.85E04,1.38E04,0.3578,00:32:40,,
25,10.98,10.99,,2.63E04,3.99E04,1.42E04,0.3569,00:33:24,,
26,10.88,10.89,,2.55E04,3.85E04,1.38E04,0.3582,00:34:07,,
27,10.78,10.79,,2.61E04,3.92E04,1.43E04,0.3631,00:34:50,,
28,10.68,10.69,,2.61E04,3.95E04,1.43E04,0.3612,00:35:33,,
29,10.58,10.59,,2.54E04,3.83E04,1.39E04,0.3620,00:36:16,,
30,10.48,10.49,,2.58E04,3.89E04,1.40E04,0.3600,00:37:00,,
31,10.38,10.39,,2.62E04,3.88E04,1.42E04,0.3662,00:37:43,,
32,10.28,10.29,,2.61E04,3.90E04,1.41E04,0.3616,00:38:26,,
33,10.18,10.19,,2.50E04,3.78E04,1.35E04,0.3587,00:39:09,,
34,10.07,10.08,,2.57E04,3.94E04,1.40E04,0.3556,00:39:52,,
35,9.97,9.99,,2.62E04,4.03E04,1.43E04,0.3539,00:40:36,,
36,9.87,9.88,,2.61E04,3.94E04,1.42E04,0.3593,00:41:19,,
37,9.77,9.78,,2.56E04,3.93E04,1.40E04,0.3562,00:42:02,,
38,9.67,9.68,,2.58E04,3.92E04,1.40E04,0.3571,00:42:45,,
39,9.57,9.58,,2.63E04,3.99E04,1.43E04,0.3580,00:43:28,,
40,9.47,9.48,,2.54E04,3.90E04,1.38E04,0.3554,00:44:12,,
41,9.37,9.38,,2.55E04,3.91E04,1.39E04,0.3553,00:44:55,,
42,9.27,9.28,,2.64E04,4.06E04,1.43E04,0.3507,00:45:38,,
43,9.17,9.18,,2.39E04,3.63E04,1.32E04,0.3636,00:46:21,,
44,9.07,9.06,,2.69E04,4.12E04,1.47E04,0.3572,00:47:04,,
45,8.97,8.98,,2.60E04,3.98E04,1.42E04,0.3579,00:47:48,,
46,8.87,8.88,,2.62E04,4.01E04,1.45E04,0.3609,00:48:31,,
47,8.76,8.78,,2.55E04,3.94E04,1.40E04,0.3549,00:49:14,,
48,8.66,8.66,,2.57E04,3.92E04,1.41E04,0.3598,00:49:57,,
49,8.56,8.56,,2.67E04,4.09E04,1.46E04,0.3554,00:50:40,,
50,8.46,8.47,,2.67E04,4.11E04,1.46E04,0.3547,00:51:24,,
51,8.36,8.38,,2.55E04,3.93E04,1.40E04,0.3555,00:52:07,,
52,8.26,8.28,,2.58E04,3.97E04,1.43E04,0.3593,00:52:50,,
53,8.16,8.17,,2.55E04,4.01E04,1.41E04,0.3525,00:53:33,,
54,8.06,8.07,,2.53E04,3.91E04,1.40E04,0.3589,00:54:16,,
55,7.96,7.97,,2.63E04,4.08E04,1.45E04,0.3559,00:55:00,,
56,7.86,7.87,,2.56E04,4.00E04,1.42E04,0.3564,00:55:43,,
57,7.76,7.77,,2.57E04,3.99E04,1.41E04,0.3526,00:56:26,,
58,7.66,7.66,,2.58E04,4.04E04,1.43E04,0.3546,00:57:09,,
59,7.56,7.57,,2.57E04,4.00E04,1.42E04,0.3547,00:57:52,,
60,7.45,7.46,,2.64E04,4.14E04,1.47E04,0.3553,00:58:36,,
61,7.35,7.36,,2.52E04,3.93E04,1.39E04,0.3528,00:59:19,,
62,7.25,7.26,,2.56E04,4.01E04,1.42E04,0.3536,01:00:02,,
63,7.15,7.16,,2.60E04,4.12E04,1.44E04,0.3492,01:00:45,,
64,7.05,7.06,,2.59E04,4.07E04,1.44E04,0.3538,01:01:28,,
65,6.95,6.96,,2.52E04,3.94E04,1.40E04,0.3554,01:02:12,,
66,6.85,6.86,,2.57E04,3.98E04,1.43E04,0.3594,01:02:55,,
67,6.75,6.75,,2.58E04,4.06E04,1.44E04,0.3541,01:03:38,,
68,6.65,6.67,,2.50E04,3.96E04,1.39E04,0.3510,01:04:05,,
69,6.55,6.56,,2.63E04,4.20E04,1.47E04,0.3499,01:05:04,,
70,6.45,6.46,,2.58E04,4.07E04,1.43E04,0.3508,01:05:48,,
71,6.35,6.36,,2.58E04,4.08E04,1.44E04,0.3530,01:06:31,,
72,6.25,6.26,,2.47E04,3.96E04,1.38E04,0.3490,01:07:14,,
73,6.15,6.16,,2.58E04,4.11E04,1.45E04,0.3531,01:07:41,,
74,6.04,6.05,,2.54E04,4.10E04,1.42E04,0.3470,01:08:40,,
75,5.94,5.96,,2.56E04,4.09E04,1.44E04,0.3528,01:09:07,,
76,5.84,5.85,,2.56E04,4.09E04,1.44E04,0.3529,01:10:07,,
77,5.74,5.77,,2.63E04,4.19E04,1.48E04,0.3535,01:10:34,,
78,5.64,5.64,,2.61E04,4.12E04,1.47E04,0.3566,01:11:33,,
79,5.54,5.57,,2.55E04,4.06E04,1.43E04,0.3527,01:12:00,,
80,5.44,5.45,,2.52E04,4.15E04,1.43E04,0.3442,01:13:00,,
81,5.34,5.37,,2.45E04,3.93E04,1.39E04,0.3529,01:13:27,,
82,5.24,5.25,,2.53E04,4.10E04,1.43E04,0.3493,01:14:26,,
83,5.14,5.14,,2.70E04,4.33E04,1.52E04,0.3516,01:15:33,,
84,5.04,5.05,,2.54E04,4.09E04,1.45E04,0.3534,01:16:36,,
85,4.94,4.95,,2.60E04,4.15E04,1.46E04,0.3527,01:17:43,,
86,4.84,4.85,,2.49E04,4.06E04,1.41E04,0.3479,01:18:45,,
87,4.73,4.75,,2.55E04,4.14E04,1.45E04,0.3511,01:19:52,,
88,4.63,4.65,,2.61E04,4.25E04,1.49E04,0.3500,01:20:55,,
89,4.53,4.55,,2.59E04,4.25E04,1.49E04,0.3514,01:22:02,,
90,4.43,4.45,,2.52E04,4.17E04,1.45E04,0.3485,01:23:04,,
91,4.33,4.34,,2.62E04,4.30E04,1.51E04,0.3525,01:24:12,,
92,4.23,4.25,,2.51E04,4.18E04,1.46E04,0.3484,01:24:58,,
93,4.13,4.14,,2.41E04,4.00E04,1.40E04,0.3494,01:25:57,,
94,4.03,4.04,,2.55E04,4.28E04,1.47E04,0.3436,01:27:04,,
95,3.93,3.94,,2.49E04,4.25E04,1.45E04,0.3413,01:28:07,,
96,3.83,3.84,,2.38E04,4.08E04,1.39E04,0.3398,01:29:14,,
97,3.73,3.74,,2.45E04,4.25E04,1.42E04,0.3326,01:30:16,,
98,3.63,3.64,,2.40E04,4.25E04,1.39E04,0.3283,01:31:24,,
99,3.53,3.55,,2.37E04,4.23E04,1.39E04,0.3285,01:32:10,,
100,3.42,3.44,,2.37E04,4.26E04,1.40E04,0.3280,01:33:33,,
101,3.32,3.35,,2.42E04,4.37E04,1.42E04,0.3249,01:34:19,,
102,3.22,3.24,,2.28E04,4.17E04,1.36E04,0.3255,01:35:43,,
103,3.12,3.13,,2.36E04,4.29E04,1.39E04,0.3248,01:37:09,,
104,3.02,3.03,,2.30E04,4.17E04,1.38E04,0.3299,01:38:55,,
105,2.92,2.94,,2.33E04,4.35E04,1.40E04,0.3230,01:40:21,,
106,2.82,2.83,,2.21E04,4.10E04,1.35E04,0.3295,01:41:48,,
107,2.72,2.73,,2.23E04,4.19E04,1.37E04,0.3266,01:43:14,,
108,2.62,2.63,,2.21E04,4.20E04,1.36E04,0.3239,01:44:40,,
109,2.52,2.53,,2.29E04,4.40E04,1.42E04,0.3234,01:46:07,,
110,2.42,2.44,,2.17E04,4.15E04,1.36E04,0.3278,01:47:17,,
111,2.32,2.33,,2.12E04,4.14E04,1.35E04,0.3258,01:49:00,,
112,2.22,2.24,,2.21E04,4.32E04,1.40E04,0.3254,01:50:10,,
113,2.12,2.14,,2.16E04,4.27E04,1.39E04,0.3245,01:51:36,,
114,2.01,2.04,,2.15E04,4.29E04,1.40E04,0.3257,01:53:03,,
115,1.91,1.93,,2.16E04,4.38E04,1.44E04,0.3285,01:55:09,,
116,1.81,1.83,,2.07E04,4.27E04,1.38E04,0.3236,01:56:39,,
117,1.71,1.73,,1.99E04,4.13E04,1.35E04,0.3261,01:58:24,,
118,1.61,1.64,,2.04E04,4.31E04,1.39E04,0.3235,02:00:15,,
119,1.51,1.52,,2.03E04,4.29E04,1.41E04,0.3294,02:03:04,,
120,1.41,1.43,,2.00E04,4.35E04,1.40E04,0.3220,02:05:17,,
121,1.31,1.33,,1.98E04,4.35E04,1.41E04,0.3248,02:07:46,,
122,1.21,1.24,,1.90E04,4.22E04,1.37E04,0.3242,02:10:39,,
123,1.11,1.12,,1.99E04,4.51E04,1.46E04,0.3244,02:13:55,,
124,1.01,1.02,,1.86E04,4.29E04,1.39E04,0.3243,02:14:36,,
125,0.91,0.90,,1.86E04,4.37E04,1.42E04,0.3245,02:15:38,,
126,0.81,0.81,,1.86E04,4.41E04,1.44E04,0.3263,02:16:21,,
127,0.70,0.71,,1.79E04,4.36E04,1.40E04,0.3216,02:17:04,,
128,0.60,0.61,,1.66E04,4.19E04,1.33E04,0.3171,02:17:48,,
129,0.50,0.51,,1.57E04,4.31E04,1.26E04,0.2930,02:18:31,,
130,0.40,0.41,,1.06E04,4.33E04,8.40E03,0.1940,02:19:14,,
131,0.30,0.30,,1.63E03,4.48E04,6.42E02,0.0143,02:19:57,,
132,0.20,0.21,,7.03E02,4.36E04,2.52E02,0.0058,02:20:40,,
133,0.10,0.12,,5.23E02,4.30E04,1.61E02,0.0037,02:21:07,,